# unix_time, cycles_done, cur_path, paths_total, pending_total, pending_favs, map_size, unique_crashes, unique_hangs, max_depth, execs_per_sec
1682663390, 0, 0, 1, 1, 1, 0.02%, 0, 0, 1, 200.00
1682663395, 0, 0, 9, 9, 1, 0.02%, 1, 0, 2, 236.01
1682663411, 0, 0, 12, 12, 1, 0.02%, 1, 1, 2, 271.35
1682663416, 0, 10, 14, 12, 1, 0.02%, 1, 1, 3, 737.87
1682663421, 0, 10, 15, 13, 1, 0.02%, 1, 1, 3, 446.68
1682663437, 0, 14, 17, 14, 1, 0.02%, 1, 1, 4, 382.83
1682663452, 1, 5, 17, 13, 0, 0.02%, 1, 1, 4, 599.44
1682663473, 1, 6, 17, 12, 0, 0.02%, 1, 1, 4, 367.91
1682663503, 1, 7, 17, 11, 0, 0.02%, 1, 1, 4, 659.78
1682663524, 1, 16, 17, 10, 0, 0.02%, 1, 2, 4, 550.29
1682663544, 2, 2, 17, 9, 0, 0.02%, 1, 2, 4, 424.01
1682663565, 3, 11, 17, 8, 0, 0.02%, 1, 2, 4, 645.04
1682663585, 3, 13, 17, 7, 0, 0.02%, 1, 2, 4, 386.77
1682663601, 3, 14, 17, 6, 0, 0.02%, 1, 2, 4, 685.20
1682663606, 3, 15, 17, 6, 0, 0.02%, 1, 2, 4, 379.23
1682663621, 4, 4, 17, 5, 0, 0.02%, 1, 2, 4, 174.69
1682663652, 4, 8, 17, 4, 0, 0.02%, 1, 2, 4, 306.91
1682663672, 4, 9, 17, 3, 0, 0.02%, 1, 2, 4, 414.08
1682663687, 5, 14, 17, 2, 0, 0.02%, 1, 2, 4, 829.77
1682663692, 9, 14, 17, 2, 0, 0.02%, 1, 2, 4, 1224.73
1682663697, 10, 1, 17, 2, 0, 0.02%, 1, 2, 4, 183.84
1682663723, 11, 12, 17, 1, 0, 0.02%, 1, 2, 4, 955.84
1682663743, 13, 14, 17, 0, 0, 0.02%, 1, 2, 4, 1033.37
1682663748, 17, 16, 17, 0, 0, 0.02%, 1, 2, 4, 1279.37
1682663753, 21, 14, 17, 0, 0, 0.02%, 1, 2, 4, 1376.86
1682663758, 25, 14, 17, 0, 0, 0.02%, 1, 2, 4, 1355.50
1682663763, 29, 3, 17, 0, 0, 0.02%, 1, 2, 4, 1336.59
1682663769, 33, 14, 17, 0, 0, 0.02%, 1, 2, 4, 1395.34
1682663774, 38, 3, 17, 0, 0, 0.02%, 1, 2, 4, 1361.20
1682663779, 41, 3, 17, 0, 0, 0.02%, 1, 2, 4, 1345.49
1682663784, 45, 14, 17, 0, 0, 0.02%, 1, 2, 4, 1381.28
1682663789, 48, 16, 17, 0, 0, 0.02%, 1, 2, 4, 1309.37
1682663794, 53, 2, 17, 0, 0, 0.02%, 1, 2, 4, 1333.50
1682663799, 57, 3, 17, 0, 0, 0.02%, 1, 2, 4, 1394.09
1682663804, 61, 8, 17, 0, 0, 0.02%, 1, 2, 4, 1365.77
1682663809, 64, 7, 17, 0, 0, 0.02%, 1, 2, 4, 1337.58
1682663814, 67, 14, 17, 0, 0, 0.02%, 1, 2, 4, 1333.13
1682663820, 71, 14, 17, 0, 0, 0.02%, 1, 2, 4, 1369.02
1682663825, 74, 14, 17, 0, 0, 0.02%, 1, 2, 4, 1302.68
1682663830, 78, 3, 17, 0, 0, 0.02%, 1, 2, 4, 1355.42
1682663835, 82, 6, 17, 0, 0, 0.02%, 1, 2, 4, 1373.84
1682663840, 86, 1, 17, 0, 0, 0.02%, 1, 2, 4, 1319.07
1682663845, 89, 14, 17, 0, 0, 0.02%, 1, 2, 4, 1363.21
1682663850, 92, 14, 17, 0, 0, 0.02%, 1, 2, 4, 1297.05
1682663855, 96, 14, 17, 0, 0, 0.02%, 1, 2, 4, 1321.97
1682663860, 100, 14, 17, 0, 0, 0.02%, 1, 2, 4, 1364.82
1682663865, 103, 14, 17, 0, 0, 0.02%, 1, 2, 4, 1335.01
1682663870, 107, 7, 17, 0, 0, 0.02%, 1, 2, 4, 1320.66
1682663875, 109, 14, 17, 0, 0, 0.02%, 1, 2, 4, 1294.51
1682663881, 113, 14, 17, 0, 0, 0.02%, 1, 2, 4, 1338.45
1682663886, 116, 13, 17, 0, 0, 0.02%, 1, 2, 4, 1318.67
1682663891, 120, 14, 17, 0, 0, 0.02%, 1, 2, 4, 1388.90
1682663896, 123, 16, 17, 0, 0, 0.02%, 1, 2, 4, 1360.12
1682663901, 128, 3, 17, 0, 0, 0.02%, 1, 2, 4, 1376.38
1682663906, 131, 15, 17, 0, 0, 0.02%, 1, 2, 4, 1343.14
1682663911, 134, 14, 17, 0, 0, 0.02%, 1, 2, 4, 1274.30
1682663916, 138, 14, 17, 0, 0, 0.02%, 1, 2, 4, 1370.01
1682663921, 141, 16, 17, 0, 0, 0.02%, 1, 2, 4, 1345.31
1682663926, 145, 14, 17, 0, 0, 0.02%, 1, 2, 4, 1332.04
1682663931, 150, 12, 17, 0, 0, 0.02%, 1, 2, 4, 1372.61
1682663937, 154, 14, 17, 0, 0, 0.02%, 1, 2, 4, 1357.99
1682663942, 158, 14, 17, 0, 0, 0.02%, 1, 2, 4, 1340.80
1682663947, 162, 16, 17, 0, 0, 0.02%, 1, 2, 4, 1378.06
1682663952, 166, 3, 17, 0, 0, 0.02%, 1, 2, 4, 1338.52
1682663957, 170, 1, 17, 0, 0, 0.02%, 1, 2, 4, 1333.47
1682663962, 174, 7, 17, 0, 0, 0.02%, 1, 2, 4, 1426.69
1682663967, 179, 12, 17, 0, 0, 0.02%, 1, 2, 4, 1469.92
1682663972, 183, 9, 17, 0, 0, 0.02%, 1, 2, 4, 1400.11
1682663977, 187, 3, 17, 0, 0, 0.02%, 1, 2, 4, 1400.81
1682663982, 190, 14, 17, 0, 0, 0.02%, 1, 2, 4, 1393.12
1682663987, 192, 16, 17, 0, 0, 0.02%, 1, 2, 4, 1312.46
1682663992, 196, 10, 17, 0, 0, 0.02%, 1, 2, 4, 1372.18
1682663998, 200, 14, 17, 0, 0, 0.02%, 1, 2, 4, 1388.75
1682664003, 205, 14, 17, 0, 0, 0.02%, 1, 2, 4, 1435.79
1682664008, 208, 14, 17, 0, 0, 0.02%, 1, 2, 4, 1337.00
1682664013, 212, 3, 17, 0, 0, 0.02%, 1, 2, 4, 1396.95
